 R   1 G   0      0       99.0     88.186
 R   1 G   1      0        7.0     25.643
 R   1 G   2      0        7.0     25.643
 R   1 G   3      0        8.0     27.266
 R   1 G   4      0        7.0     25.643
 R   1 G   5      0        6.0     23.868
 R   1 G   6      0       11.0     31.447
 R   1 G   7      0        2.0     14.071
 R   1 G   8      0        7.0     25.643
 R   1 G   9      0        7.0     25.643
 R   1 G  10      0        3.0     17.145
 R   1 G  11      0        9.0     28.762
 R   1 G  12      0        6.0     23.868
 R   1 G  13      0        6.0      27.78
 R   1 G  14      0        2.0     14.071
 R   1 G  15      0        6.0     23.868
 R   1 G  16      0        3.0     17.145
 R   1 G  17      0        5.0     21.904
 R   1 G  18      0        5.0     21.904
 R   1 G  19      0        4.0     19.695
 R   1 G  20      0        6.0     23.868
 R   1 G  21      0        8.0     27.266
 R   1 G  22      0        5.0     21.904
 R   1 G  23      0        8.0     27.266
 R   1 G  24      0        6.0     23.868
 R   1 G  25      0        6.0     23.868
 R   1 G  26      0        3.0     17.145
 R   1 G  27      0        6.0     23.868
 R   1 G  28      0        3.0     17.145
 R   1 G  29      0        6.0     23.868
 R   1 G  30      0        6.0     23.868
 R   1 G  31      0        8.0     36.735
 R   1 G  32      0        7.0     25.643
 R   1 G  33      0        7.0     29.319
 R   1 G  34      0        5.0     21.904
 R   1 G  35      0        3.0     17.145
 R   1 G  36      0        5.0     21.904
 R   1 G  37      0        5.0     21.904
 R   1 G  38      0        6.0     23.868
 R   1 G  39      0        3.0     17.145
 R   1 G  40      0        1.0       10.0
 R   1 G  41      0        3.0     17.145
 R   1 G  42      0        3.0     17.145
 R   1 G  43      0        2.0     14.071
 R   1 G  44      0        4.0     19.695
 R   1 G  45      0        6.0     23.868
 R   1 G  46      0        2.0     14.071
 R   1 G  47      0        3.0     17.145
 R   1 G  48      0        1.0       10.0
 R   1 G  49      0        3.0     17.145
 R   1 G  50      0        2.0     14.071
 R   1 G  51      0        2.0     14.071
 R   1 G  52      0        5.0     21.904
 R   1 G  53      0        4.0     19.695
 R   1 G  54      0        2.0     14.071
 R   1 G  55      0        1.0       10.0
 R   1 G  56      0        3.0     17.145
 R   1 G  57      0        3.0     17.145
 R   1 G  58      0        7.0     25.643
 R   1 G  59      0        5.0     21.904
 R   1 G  60      0       10.0     33.333
 R   1 G  61      0        7.0     25.643
 R   1 G  62      0        6.0     23.868
 R   1 G  63      0        6.0     23.868
 R   1 G  64      0        4.0     19.695
 R   1 G  65      0        2.0     14.071
 R   1 G  66      0        5.0     21.904
 R   1 G  67      0        3.0     17.145
 R   1 G  68      0        7.0     25.643
 R   1 G  69      0        4.0     19.695
 R   1 G  70      0        1.0       10.0
 R   1 G  71      0        5.0     21.904
 R   1 G  72      0        7.0     25.643
 R   1 G  73      0        7.0     29.319
 R   1 G  74      0        1.0       10.0
 R   1 G  75      0        0.0        0.0
 R   1 G  76      0        3.0     17.145
 R   1 G  77      0        4.0     19.695
 R   1 G  78      0        2.0     14.071
 R   1 G  79      0        9.0     28.762
 R   1 G  80      0        4.0     19.695
 R   1 G  81      0        4.0     19.695
 R   1 G  82      0        4.0     19.695
 R   1 G  83      0       11.0     31.447
 R   1 G  84      0        3.0     17.145
 R   1 G  85      0        8.0     27.266
 R   1 G  86      0        7.0     25.643
 R   1 G  87      0        4.0     19.695
 R   1 G  88      0        1.0       10.0
 R   1 G  89      0        5.0     21.904
 R   1 G  90      0        2.0     14.071
 R   1 G  91      0        5.0     21.904
 R   1 G  92      0        6.0     23.868
 R   1 G  93      0        3.0     17.145
 R   1 G  94      0        9.0     28.762
 R   1 G  95      0        3.0     17.145
 R   1 G  96      0        4.0     19.695
 R   1 G  97      0        3.0     17.145
 R   1 G  98      0        1.0       10.0
 R   1 G  99      0        3.0     17.145
1      0        010        100        001        101        110        000        001        110   RawFitness
                  2          4          1          5          6          0          1          6            0

 R   2 G   0      0      115.0     94.682
 R   2 G   1      0        1.0       10.0
 R   2 G   2      0        6.0     23.868
 R   2 G   3      0        4.0     19.695
 R   2 G   4      0        4.0     19.695
 R   2 G   5      0        5.0     21.904
 R   2 G   6      0        7.0     25.643
 R   2 G   7      0        6.0     23.868
 R   2 G   8      0        4.0     19.695
 R   2 G   9      0        2.0     14.071
 R   2 G  10      0        7.0     29.319
 R   2 G  11      0        2.0     14.071
 R   2 G  12      0        1.0       10.0
 R   2 G  13      0        4.0     19.695
 R   2 G  14      0        3.0     17.145
 R   2 G  15      0        6.0     23.868
 R   2 G  16      0        3.0     17.145
 R   2 G  17      0        1.0       10.0
 R   2 G  18      0        6.0     23.868
 R   2 G  19      0        3.0     17.145
 R   2 G  20      0        6.0     23.868
 R   2 G  21      0        5.0     21.904
 R   2 G  22      0        5.0     21.904
 R   2 G  23      0        6.0     23.868
 R   2 G  24      0        4.0     19.695
 R   2 G  25      0        7.0     25.643
 R   2 G  26      0        6.0     23.868
 R   2 G  27      0        6.0     23.868
 R   2 G  28      0        2.0     14.071
 R   2 G  29      0        4.0     19.695
 R   2 G  30      0        6.0     23.868
 R   2 G  31      0        0.0        0.0
 R   2 G  32      0        4.0     19.695
 R   2 G  33      0        5.0     21.904
 R   2 G  34      0       13.0     36.667
 R   2 G  35      0        4.0     19.695
 R   2 G  36      0        7.0     25.643
 R   2 G  37      0        4.0     19.695
 R   2 G  38      0        0.0        0.0
 R   2 G  39      0        4.0     19.695
 R   2 G  40      0        4.0     19.695
 R   2 G  41      0        2.0     14.071
 R   2 G  42      0        5.0     21.904
 R   2 G  43      0        9.0     32.083
 R   2 G  44      0        3.0     17.145
 R   2 G  45      0        2.0     14.071
 R   2 G  46      0        2.0     14.071
 R   2 G  47      0        9.0     32.083
 R   2 G  48      0        3.0     17.145
 R   2 G  49      0        4.0     19.695
 R   2 G  50      0        3.0     17.145
 R   2 G  51      0        7.0     25.643
 R   2 G  52      0        0.0        0.0
 R   2 G  53      0        5.0     21.904
 R   2 G  54      0        4.0     19.695
 R   2 G  55      0        3.0     17.145
 R   2 G  56      0        4.0     19.695
 R   2 G  57      0        4.0     19.695
 R   2 G  58      0        2.0     14.071
 R   2 G  59      0        6.0     23.868
 R   2 G  60      0        2.0     14.071
 R   2 G  61      0        3.0     17.145
 R   2 G  62      0        2.0     14.071
 R   2 G  63      0        0.0        0.0
 R   2 G  64      0        2.0     14.071
 R   2 G  65      0        2.0     14.071
 R   2 G  66      0        4.0     19.695
 R   2 G  67      0        6.0     23.868
 R   2 G  68      0        4.0     19.695
 R   2 G  69      0        5.0     21.904
 R   2 G  70      0        1.0       10.0
 R   2 G  71      0        2.0     14.071
 R   2 G  72      0        1.0       10.0
 R   2 G  73      0        0.0        0.0
 R   2 G  74      0        4.0     19.695
 R   2 G  75      0        2.0     14.071
 R   2 G  76      0        2.0     14.071
 R   2 G  77      0        4.0     19.695
 R   2 G  78      0        3.0     17.145
 R   2 G  79      0        2.0     14.071
 R   2 G  80      0        7.0     25.643
 R   2 G  81      0        5.0     21.904
 R   2 G  82      0        2.0     14.071
 R   2 G  83      0        3.0     17.145
 R   2 G  84      0        4.0     19.695
 R   2 G  85      0        2.0     14.071
 R   2 G  86      0        2.0     14.071
 R   2 G  87      0        7.0     25.643
 R   2 G  88      0        3.0     17.145
 R   2 G  89      0        4.0     19.695
 R   2 G  90      0        3.0     17.145
 R   2 G  91      0        1.0       10.0
 R   2 G  92      0        0.0        0.0
 R   2 G  93      0        1.0       10.0
 R   2 G  94      0        3.0     17.145
 R   2 G  95      0        3.0     17.145
 R   2 G  96      0        2.0     14.071
 R   2 G  97      0        4.0     19.695
 R   2 G  98      0        7.0     25.643
 R   2 G  99      0        3.0     17.145
2      0        010        010        011        101        101        101        000        010   RawFitness
                  2          2          3          5          5          5          0          2            0

 R   3 G   0      0      111.0    102.391
 R   3 G   1      0        7.0     25.643
 R   3 G   2      0        4.0     19.695
 R   3 G   3      0       10.0     30.151
 R   3 G   4      0        9.0     28.762
 R   3 G   5      0        4.0     19.695
 R   3 G   6      0        6.0     23.868
 R   3 G   7      0        6.0     23.868
 R   3 G   8      0        8.0     33.874
 R   3 G   9      0        5.0     21.904
 R   3 G  10      0        3.0     17.145
 R   3 G  11      0        5.0     21.904
 R   3 G  12      0        6.0     23.868
 R   3 G  13      0        8.0     30.748
 R   3 G  14      0        5.0     21.904
 R   3 G  15      0        9.0     28.762
 R   3 G  16      0        6.0     23.868
 R   3 G  17      0        6.0      27.78
 R   3 G  18      0        4.0     19.695
 R   3 G  19      0        3.0     17.145
 R   3 G  20      0        6.0      27.78
 R   3 G  21      0        4.0     19.695
 R   3 G  22      0        5.0     21.904
 R   3 G  23      0        9.0     28.762
 R   3 G  24      0        4.0     19.695
 R   3 G  25      0        6.0     23.868
 R   3 G  26      0        5.0     21.904
 R   3 G  27      0        8.0     27.266
 R   3 G  28      0        2.0     14.071
 R   3 G  29      0        3.0     17.145
 R   3 G  30      0        1.0       10.0
 R   3 G  31      0        5.0     21.904
 R   3 G  32      0        2.0     14.071
 R   3 G  33      0        5.0     21.904
 R   3 G  34      0        1.0       10.0
 R   3 G  35      0        5.0     21.904
 R   3 G  36      0        0.0        0.0
 R   3 G  37      0        5.0     21.904
 R   3 G  38      0        6.0     23.868
 R   3 G  39      0        8.0     27.266
 R   3 G  40      0        3.0     17.145
 R   3 G  41      0        3.0     17.145
 R   3 G  42      0        5.0     21.904
 R   3 G  43      0        5.0     21.904
 R   3 G  44      0        2.0     14.071
 R   3 G  45      0        2.0     14.071
 R   3 G  46      0        7.0     25.643
 R   3 G  47      0        3.0     17.145
 R   3 G  48      0        4.0     19.695
 R   3 G  49      0        3.0     17.145
 R   3 G  50      0        5.0     21.904
 R   3 G  51      0        3.0     17.145
 R   3 G  52      0        3.0     17.145
 R   3 G  53      0        2.0     14.071
 R   3 G  54      0        5.0     21.904
 R   3 G  55      0        3.0      22.27
 R   3 G  56      0        9.0     32.083
 R   3 G  57      0        3.0     17.145
 R   3 G  58      0        4.0     19.695
 R   3 G  59      0        3.0     17.145
 R   3 G  60      0        4.0     19.695
 R   3 G  61      0        2.0     14.071
 R   3 G  62      0        4.0     19.695
 R   3 G  63      0        8.0     27.266
 R   3 G  64      0        7.0     25.643
 R   3 G  65      0        7.0     25.643
 R   3 G  66      0        4.0     24.288
 R   3 G  67      0        2.0     14.071
 R   3 G  68      0        1.0       10.0
 R   3 G  69      0        3.0     17.145
 R   3 G  70      0        2.0     14.071
 R   3 G  71      0        8.0     27.266
 R   3 G  72      0        3.0     17.145
 R   3 G  73      0        5.0     21.904
 R   3 G  74      0        5.0     21.904
 R   3 G  75      0        7.0     25.643
 R   3 G  76      0        4.0     19.695
 R   3 G  77      0        3.0     17.145
 R   3 G  78      0        3.0     17.145
 R   3 G  79      0        6.0     23.868
 R   3 G  80      0        3.0     17.145
 R   3 G  81      0        2.0     14.071
 R   3 G  82      0        3.0     17.145
 R   3 G  83      0        3.0     17.145
 R   3 G  84      0        6.0     23.868
 R   3 G  85      0        4.0     19.695
 R   3 G  86      0        6.0     23.868
 R   3 G  87      0        6.0     23.868
 R   3 G  88      0        7.0     25.643
 R   3 G  89      0        4.0     19.695
 R   3 G  90      0        7.0     25.643
 R   3 G  91      0        5.0     21.904
 R   3 G  92      0        7.0     25.643
 R   3 G  93      0        4.0     19.695
 R   3 G  94      0        3.0     17.145
 R   3 G  95      0        2.0     14.071
 R   3 G  96      0        1.0       10.0
 R   3 G  97      0        3.0     17.145
 R   3 G  98      0        2.0     14.071
 R   3 G  99      0        3.0     17.145
3      0        101        100        011        001        011        000        011        001   RawFitness
                  5          4          3          1          3          0          3          1            0

B               010        100        001        101        110        000        001        110   RawFitness
                  2          4          1          5          6          0          1          6            0

Gen                 AvgFit              BestFit 
0              108.33              0.0                 
1              5.0                 0.0                 
2              5.67                0.0                 
3              7.33                0.0                 
4              6.67                0.0                 
5              5.0                 0.0                 
6              8.0                 0.0                 
7              4.67                0.0                 
8              6.33                0.0                 
9              4.67                0.0                 
10             4.33                0.0                 
11             5.33                0.0                 
12             4.33                0.0                 
13             6.0                 0.0                 
14             3.33                0.0                 
15             7.0                 0.0                 
16             4.0                 0.0                 
17             4.0                 0.0                 
18             5.0                 0.0                 
19             3.33                0.0                 
20             6.0                 0.0                 
21             5.67                0.0                 
22             5.0                 0.0                 
23             7.67                0.0                 
24             4.67                0.0                 
25             6.33                0.0                 
26             4.67                0.0                 
27             6.67                0.0                 
28             2.33                0.0                 
29             4.33                0.0                 
30             4.33                0.0                 
31             4.33                0.0                 
32             4.33                0.0                 
33             5.67                0.0                 
34             6.33                0.0                 
35             4.0                 0.0                 
36             4.0                 0.0                 
37             4.67                0.0                 
38             4.0                 0.0                 
39             5.0                 0.0                 
40             2.67                0.0                 
41             2.67                0.0                 
42             4.33                0.0                 
43             5.33                0.0                 
44             3.0                 0.0                 
45             3.33                0.0                 
46             3.67                0.0                 
47             5.0                 0.0                 
48             2.67                0.0                 
49             3.33                0.0                 
50             3.33                0.0                 
51             4.0                 0.0                 
52             2.67                0.0                 
53             3.67                0.0                 
54             3.67                0.0                 
55             2.33                0.0                 
56             5.33                0.0                 
57             3.33                0.0                 
58             4.33                0.0                 
59             4.67                0.0                 
60             5.33                0.0                 
61             4.0                 0.0                 
62             4.0                 0.0                 
63             4.67                0.0                 
64             4.33                0.0                 
65             3.67                0.0                 
66             4.33                0.0                 
67             3.67                0.0                 
68             4.0                 0.0                 
69             4.0                 0.0                 
70             1.33                0.0                 
71             5.0                 0.0                 
72             3.67                0.0                 
73             4.0                 0.0                 
74             3.33                0.0                 
75             3.0                 0.0                 
76             3.0                 0.0                 
77             3.67                0.0                 
78             2.67                0.0                 
79             5.67                0.0                 
80             4.67                0.0                 
81             3.67                0.0                 
82             3.0                 0.0                 
83             5.67                0.0                 
84             4.33                0.0                 
85             4.67                0.0                 
86             5.0                 0.0                 
87             5.67                0.0                 
88             3.67                0.0                 
89             4.33                0.0                 
90             4.0                 0.0                 
91             3.67                0.0                 
92             4.33                0.0                 
93             2.67                0.0                 
94             5.0                 0.0                 
95             2.67                0.0                 
96             2.33                0.0                 
97             3.33                0.0                 
98             3.33                0.0                 
99             3.0                 0.0                 

